{"data":[{"frame":138,"transform":{"rotation":[-0.6320864137160159,0.3487388046315367,-0.6919884476924398,-0.4247778300164238,0.5909419610804006,0.6858216923960546,0.6480976475209301,0.7274399252024989,-0.22538987221971418],"center":[0.6907794534855742,-0.6953913034777209,1.6175389628809338]}},{"frame":17,"transform":{"rotation":[-0.9841455633662058,0.022976877905901763,-0.17586805619074378,-0.1443961627571223,0.4719938465250352,0.869696244112575,0.10299154473854619,0.8813023725851407,-0.4611928769920125],"center":[0.14551172169006374,-0.87929761450657,1.8493867292116075]}},{"frame":11,"transform":{"rotation":[-0.9021611385486933,0.16404780432503946,-0.39899072418874476,-0.2707565669721051,0.5047158406095175,0.8197272727433847,0.33585139799322766,0.8475554484126459,-0.4109179970894842],"center":[0.37660952107356205,-0.8319959189332011,1.8030087898315792]}},{"frame":81,"transform":{"rotation":[0.9282344804614822,-0.2614348815903019,0.2646366413977234,0.2435356637443438,0.9648324351368416,0.09893812507074431,-0.28119589215883706,-0.02738931900900709,0.959259451575651],"center":[-0.252430022368136,-0.06700564079758552,0.3676385094589177]}},{"frame":50,"transform":{"rotation":[-0.2272603818882959,-0.5913542451165725,0.7737266155475038,0.4673935481639824,0.6307901401838973,0.6193925009083191,-0.8543395050907274,0.5023982044448284,0.13304155069730386],"center":[-0.8246754595745944,-0.5958460116985197,1.1996848856103832]}},{"frame":102,"transform":{"rotation":[0.8272867137152907,0.23012258441507893,-0.5124844284973734,-0.21681194243661672,0.9723619343791666,0.08663053842188949,0.5182559936238228,0.03944445097260378,0.8543154337599514],"center":[0.5472371249248602,-0.0710847815603563,0.5047505713875564]}},{"frame":101,"transform":{"rotation":[0.8521870259635118,0.20937186862433052,-0.47952131694870553,-0.19588989759088274,0.9774660008941178,0.07865980624114058,0.48518493463966733,0.02690051532622352,0.8739976781856376],"center":[0.5145458388222773,-0.06222747505912622,0.4835210987766707]}},{"frame":68,"transform":{"rotation":[0.5617665583353997,-0.5120574653018115,0.649781106346348,0.4493204607221446,0.8483352916261995,0.2800684854779824,-0.6946434031302965,0.13462683688691185,0.7066442933169312],"center":[-0.6675983409329374,-0.24570120030314077,0.6140083604732444]}},{"frame":60,"transform":{"rotation":[0.22670285374391935,-0.5919495516892244,0.7734348998844631,0.5019994687638027,0.7515201173925462,0.42803509962987096,-0.8346270720898186,0.29122713027673086,0.4675301157418173],"center":[-0.8080990613319986,-0.3976251147702653,0.8562741936966038]}},{"frame":47,"transform":{"rotation":[-0.3582707902317707,-0.5685860476437388,0.7405078981966192,0.4378474954865177,0.5981983275000708,0.6711544767579977,-0.8245796575000418,0.5646845733690534,0.03463698942061488],"center":[-0.7945225200264974,-0.65149092959855,1.301754992399477]}},{"frame":64,"transform":{"rotation":[0.40187140248882613,-0.560575752785244,0.7240540043746191,0.4838305987545457,0.8013160107299968,0.3518530981199132,-0.7774363816869401,0.2089197844557103,0.5932496911861799],"center":[-0.7507718375345508,-0.3190447651341735,0.7290315020530963]}},{"frame":63,"transform":{"rotation":[0.3592852879393588,-0.5700783584709253,0.7388672053037864,0.4899058476408804,0.7890815726876442,0.37059753384509264,-0.7942961301162197,0.22882512285124945,0.5627901214791426],"center":[-0.7675603748131403,-0.3381392643990362,0.7596319443320543]}},{"frame":121,"transform":{"rotation":[0.09688243841520139,0.4655593495276269,-0.8796978374385932,-0.48604182566583687,0.7934305502222703,0.3663759076104841,0.8685488684179751,0.3920745516370562,0.30315080261885574],"center":[0.902140684019839,-0.3675964166168804,1.0794444677403467]}},{"frame":67,"transform":{"rotation":[0.5240934760298879,-0.5254670370408618,0.6702316177012295,0.45915412733901256,0.8371380137983068,0.2972834223453704,-0.7172890043284221,0.15193531135757632,0.6800089304062242],"center":[-0.6904540589537197,-0.26321615343397253,0.6410538755302733]}},{"frame":18,"transform":{"rotation":[-0.9904337138094509,-0.0011170716387172291,-0.1379848205440464,-0.12241241492857981,0.4686461399139724,0.8748634157484731,0.06368876840520571,0.8833852770420654,-0.4642996802544034],"center":[0.10643031618805036,-0.8841609286437677,1.8516747535492135]}},{"frame":117,"transform":{"rotation":[0.2789256557479485,0.44747711265359735,-0.8496850664903891,-0.4556880932629117,0.8405145643813188,0.29305908742315795,0.845309907799494,0.305449669690576,0.4383510682796714],"center":[0.8766779541770822,-0.2908773585188672,0.9421090333764756]}},{"frame":44,"transform":{"rotation":[-0.4813973327796191,-0.5367076786286498,0.6929657103303991,0.40058300148577775,0.568486710266239,0.7185792365294967,-0.7796087909415298,0.6235124120269901,-0.05867201321729876],"center":[-0.7489544343723129,-0.7035763919008386,1.4001025282715376]}},{"frame":134,"transform":{"rotation":[-0.4801181221559624,0.4026960077712475,-0.7793089978323952,-0.46533393721041627,0.6361786716845452,0.615419389176146,0.7436066941990805,0.6581129257344728,-0.11805279040974714],"center":[0.7842297968568577,-0.6244192540030591,1.508410710086647]}},{"frame":118,"transform":{"rotation":[0.2343402249155022,0.4535515819130553,-0.8598695375059618,-0.46472387619593686,0.8291547506193409,0.31069940202517604,0.8538831172238829,0.3267925367408863,0.4050805599513275],"center":[0.8856303837670116,-0.3092282298613932,0.9760226710657862]}},{"frame":135,"transform":{"rotation":[-0.5201336961275594,0.39055982624611807,-0.7595551068061394,-0.4566748301097946,0.6243392221241603,0.6337575524296251,0.7217402841028578,0.676508357553697,-0.1463810249421878],"center":[0.7630887235989301,-0.6427012087118074,1.5372379622609977]}},{"frame":137,"transform":{"rotation":[-0.5961889437503881,0.36369531360262064,-0.7157404992127301,-0.4362241249521863,0.6016790402287823,0.669097037326478,0.6739935134402228,0.711131528912101,-0.200061721545231],"center":[0.7162383784194617,-0.678410372194086,1.591811851604392]}},{"frame":99,"transform":{"rotation":[0.8963064615741397,0.16531593275648743,-0.41146733687778636,-0.15209322112035206,0.986230926127901,0.06493236818520061,0.4165361677329844,0.004382091481849152,0.9091085844081354],"center":[0.4457559263473803,-0.04670953703142639,0.4450186043692147]}},{"frame":92,"transform":{"rotation":[0.9880458793114132,0.0013758694449991708,-0.1541539728940086,0.005408343189482592,0.9990352439081757,0.04358131770927528,0.15406521411298915,-0.04389405896704395,0.987085214856203],"center":[0.18226083713336189,-0.01907303488600205,0.3544457131082394]}},{"frame":98,"transform":{"rotation":[0.9154705122746427,0.14223024180286856,-0.3764097494384288,-0.1293837291803431,0.9898176470820969,0.059336971175222276,0.3810165242860089,-0.005619950316423962,0.9245511475194058],"center":[0.41033465339685915,-0.04014352892354253,0.42776590762899114]}},{"frame":28,"transform":{"rotation":[-0.9393561440627785,-0.2439165130429355,0.24107005055892805,0.10442505518723989,0.4661262314307201,0.8785338606003396,-0.32665799004562945,0.8504299330557282,-0.41238754406768774],"center":[-0.28707081750849633,-0.8823964902032491,1.786569622860196]}},{"frame":29,"transform":{"rotation":[-0.9231573206091955,-0.2667048972563335,0.2768556648962406,0.12671979206539094,0.468811173391563,0.874161414157666,-0.36293615926847933,0.8420716011615134,-0.3989896775766638],"center":[-0.32414787593704186,-0.8772223305780011,1.7716553655822975]}},{"frame":14,"transform":{"rotation":[-0.9524041420478901,0.09524927671036207,-0.28957542281100995,-0.20945781592142962,0.48569948673812124,0.8486597857396982,0.221480864996159,0.8689209307344823,-0.4426314974920723],"center":[0.26333438128536074,-0.8590664367885612,1.83271905035106]}},{"frame":113,"transform":{"rotation":[0.45106500912838093,0.41025220261763,-0.792611814059945,-0.4094509865175299,0.8842375021044517,0.22466403697944487,0.7930260066226298,0.22319760330134114,0.5668267660411794],"center":[0.8236907430143876,-0.21910132055336662,0.8090862082853982]}},{"frame":114,"transform":{"rotation":[0.4097399297689008,0.4208805281810075,-0.8093038804744807,-0.4222107348289137,0.8739468328825268,0.24073850686965176,0.8086107131050176,0.2430566071775806,0.5357911910055243],"center":[0.8397501243091738,-0.2364402047007128,0.841736209028968]}},{"frame":78,"transform":{"rotation":[0.8692759552903685,-0.32880596542564333,0.36911509133944653,0.3013395972952634,0.9443921949694855,0.13159722330902685,-0.3918593633638806,-0.0031653090256810873,0.9200196846605111],"center":[-0.36271703248109705,-0.0975673255565488,0.40374455501449075]}},{"frame":112,"transform":{"rotation":[0.4916235447518781,0.3985371898616021,-0.7742573206259115,-0.3957915895349576,0.8942447443488788,0.20898649443875544,0.775664429956015,0.20370185443835714,0.5973694389566515],"center":[0.8060452023023131,-0.20231957277102156,0.7772116422078114]}},{"frame":80,"transform":{"rotation":[0.910350538409625,-0.2845168154122246,0.30051968149356195,0.2635955744557177,0.9584635338353277,0.1089267067126141,-0.3190286356186009,-0.0199458280244708,0.9475351674738791],"center":[-0.2901242704996807,-0.07619594765743416,0.37794135941122553]}},{"frame":130,"transform":{"rotation":[-0.3124360686867367,0.44094748850046694,-0.841397061659183,-0.49006807081960346,0.6839503478138867,0.5404120721157283,0.8137671589261444,0.5811860580832903,0.00240352717427611],"center":[0.8521034280306958,-0.5483326829900674,1.385493469068677]}},{"frame":79,"transform":{"rotation":[0.8907412991932334,-0.30674635442769976,0.3353902383148124,0.2826172173306926,0.9517160443347735,0.11985023748006321,-0.35595989434177366,-0.01196850036919895,0.934424586908492],"center":[-0.32670701225226145,-0.08624993203094353,0.3898990322167645]}},{"frame":123,"transform":{"rotation":[0.004707760201489883,0.4681578131291909,-0.8836323324776991,-0.49462926940248786,0.7690643855876048,0.404823241268484,0.869091320198428,0.4351646042899786,0.23518512778001074],"center":[0.9039865109666749,-0.40746622244510095,1.1493736218549084]}},{"frame":124,"transform":{"rotation":[-0.041043397086289166,0.46776831779314487,-0.8828976387014458,-0.4972838168312146,0.7568614317111092,0.4241103378909655,0.8666165501958731,0.4564576366511808,0.2015494501838752],"center":[0.9020144826887357,-0.4276552594422875,1.184120642860964]}},{"frame":66,"transform":{"rotation":[0.4844742887187533,-0.5382337294081943,0.6896296949072052,0.4682824346044548,0.825428325131729,0.31524536715256124,-0.7389155736695381,0.17021319748355407,0.6519442019000108],"center":[-0.712149179238081,-0.28161402139132513,0.6694067340223966]}},{"frame":65,"transform":{"rotation":[0.4437255039662907,-0.5498328944619012,0.7076662103686377,0.47651215284980547,0.8135376432735383,0.3333056722640354,-0.758975523529122,0.18931532200164047,0.6229894570047796],"center":[-0.7322831080245827,-0.3001467220980254,0.6988483977026861]}},{"frame":86,"transform":{"rotation":[0.9868560655965263,-0.14187558958751076,0.0773719773208671,0.1373796987729806,0.9886598229972907,0.060651238701372366,-0.08509949565296891,-0.04922470386058151,0.9951557688972357],"center":[-0.05775041721709251,-0.03165123596335947,0.3378315173416189]}},{"frame":85,"transform":{"rotation":[0.9793342333449121,-0.16604251608401976,0.11547442249789008,0.15912164612534196,0.9849941621611449,0.06683413980014774,-0.12483894077207897,-0.047078480869206865,0.9910594611353817],"center":[-0.0974213465050777,-0.037104900299097,0.3403723929181915]}},{"frame":41,"transform":{"rotation":[-0.5968731811426158,-0.49522362335477194,0.6312653709051886,0.357131870593618,0.5405612470557326,0.7617416656504059,-0.7184700638433014,0.6801081539379767,-0.14578637216173534],"center":[-0.6881544529389934,-0.7508656322712509,1.4926776730735711]}},{"frame":93,"transform":{"rotation":[0.9810311415084273,0.024688856228895023,-0.19227157816167523,-0.01656011889878454,0.998904354829366,0.04377045082000054,0.19314155910298114,-0.039756135137069326,0.9803651298706175],"center":[0.22142895314785793,-0.02017271489977118,0.36292642704819345]}},{"frame":87,"transform":{"rotation":[0.99225344572219,-0.11790751072512168,0.039126951926341025,0.11564814608274579,0.9917267326991246,0.05570990897087366,-0.04537186088386476,-0.05075338968506886,0.9976800527601074],"center":[-0.017792668437685556,-0.02715726333545168,0.33665756659382434]}},{"frame":25,"transform":{"rotation":[-0.9764797027926497,-0.1720062583216358,0.13000475811357443,0.0367967917916107,0.46117031585496404,0.886548326876814,-0.21244619588927255,0.8704802047562161,-0.44399417448853196],"center":[-0.17229794103742388,-0.8923701475863248,1.8226314103715346]}},{"frame":82,"transform":{"rotation":[0.9441917350559593,-0.23792616451018378,0.2278005875617754,0.22294358510586926,0.9706887438920035,0.08977483133655216,-0.24248324748765465,-0.033977974083769624,0.9695604014010698],"center":[-0.21408963334318593,-0.058586009427394,0.3586398026800711]}},{"frame":21,"transform":{"rotation":[-0.9969327140975462,-0.07483616981289311,-0.022906576562985833,-0.0550161875066751,0.46195021935469394,0.8851978388757964,-0.055663117720178706,0.8837429165350554,-0.46465048670993947],"center":[-0.01393564539668695,-0.893047828930288,1.848768182839251]}},{"frame":19,"transform":{"rotation":[-0.9946606344728629,-0.025349665058258065,-0.10003807630835268,-0.10029269680211156,0.46590715901850555,0.8791313292924241,0.024322771186716947,0.8844704142348341,-0.4659618966665189],"center":[0.06635516202100751,-0.8880525300881978,1.8522059124055221]}},{"frame":104,"transform":{"rotation":[0.7720270005765093,0.27008688845998935,-0.575349791920393,-0.2576640416091229,0.9604968452689908,0.10514300685242219,0.581019407629806,0.06707371251330548,0.8111211777824519],"center":[0.6095247369253333,-0.0916148695080638,0.5505136990418091]}},{"frame":105,"transform":{"rotation":[0.7422814467517802,0.2890117140635392,-0.604558088972548,-0.2772210479532883,0.9538257962122748,0.11560640575548017,0.6100547060549283,0.08178373685565588,0.7881273222050864],"center":[0.6384805656668395,-0.1031832867440155,0.5752183814852911]}},{"frame":2,"transform":{"rotation":[-0.6430402087798054,0.3434085110186059,-0.6845216464454638,-0.4211640078832135,0.5879519965799138,0.6906035969942828,0.6396250216776802,0.7323817612950756,-0.2334454697914483],"center":[0.6696027624416329,-0.7084573356049687,1.635263628872057]}},{"frame":1,"transform":{"rotation":[-0.6061053476608719,0.35909585475082273,-0.7097087252089195,-0.4335250238757581,0.5989450856646452,0.6732910500160344,0.6668525783187892,0.7157617979879526,-0.20734678037200432],"center":[0.6961983616501901,-0.6916828882326155,1.6103175414658597]}},{"frame":39,"transform":{"rotation":[-0.6668375571186065,-0.46392802549060097,0.5831796117668052,0.32458710163077087,0.5236194170161335,0.7876965910670302,-0.6707986925084343,0.7145582504513377,-0.19858403974362682],"center":[-0.6400520525808311,-0.7795420523974224,1.5503545065659199]}},{"frame":94,"transform":{"rotation":[0.9719552351505634,0.048051520896939134,-0.23020441395182675,-0.03873531353802573,0.9982437557339501,0.044821642353762556,0.23195386685400146,-0.03464758978152424,0.972109535069895],"center":[0.2603103764362623,-0.022318483861592218,0.37302656559483466]}},{"frame":95,"transform":{"rotation":[0.9611352948960801,0.07174463741890563,-0.266592670391845,-0.06117950140203885,0.9969845446018292,0.04773768357682696,0.26921369488423696,-0.029572365930258172,0.9626263354282719],"center":[0.2981728418237698,-0.025573430833025188,0.3839328063431416]}},{"frame":107,"transform":{"rotation":[0.6774458774439621,0.32584129424431557,-0.6594653395739382,-0.3155910910607767,0.9385770297803131,0.1395543708087772,0.6644315964621555,0.11358085284921267,0.7386677490514911],"center":[0.6936070816593652,-0.12826525215463855,0.6281886440263538]}},{"frame":9,"transform":{"rotation":[-0.8581279167189967,0.20851014126573142,-0.46919079225498384,-0.30926690454328143,0.5195330226303335,0.7965170557814852,0.40984199431211477,0.8286187056698234,-0.38134050442135675],"center":[0.44882126831535685,-0.8095030261672936,1.7754203848639292]}},{"frame":108,"transform":{"rotation":[0.6432149568244674,0.34211371880514907,-0.6850056370006088,-0.33307446423015086,0.9305681331224919,0.15200115425455848,0.689446096946742,0.13038846966749593,0.7125046851654184],"center":[0.7189194682338251,-0.14171400522411598,0.6559547674416745]}},{"frame":125,"transform":{"rotation":[-0.0866450348342986,0.4661505291684959,-0.8804523394792556,-0.4988222747558448,0.7447126075128949,0.44337283455208326,0.8623624389698148,0.47760529348749453,0.1680006175189738],"center":[0.8982982105585429,-0.4476671612007242,1.2187656584829905]}},{"frame":57,"transform":{"rotation":[0.09161861060249513,-0.6030687213947796,0.7924103403329199,0.501484367240661,0.7154256024492086,0.48649731425098364,-0.8603019583869969,0.3528091901232905,0.36797583583714505],"center":[-0.8317968536043207,-0.4578361279185886,0.9575062307333301]}},{"frame":84,"transform":{"rotation":[0.969683217584925,-0.1902269573382615,0.1533889247500425,0.1807438471304727,0.9807654853741307,0.07369344898511895,-0.164457043809693,-0.04373519636029146,0.9854141836510694],"center":[-0.1369063120499557,-0.043773612330609765,0.3452900371710903]}},{"frame":72,"transform":{"rotation":[0.7028243273410925,-0.44827392642337155,0.5523481255390615,0.4001280941690976,0.8911072565207478,0.21406860029596142,-0.5881627947721165,0.07055738278195983,0.8056588499984427],"center":[-0.5603671156312838,-0.1795047352423575,0.5146727569462874]}},{"frame":31,"transform":{"rotation":[-0.8851764215464811,-0.3110510712769456,0.3459912336976629,0.1700114469276039,0.4759802831976361,0.8628666628863815,-0.4330806052592852,0.8226116951907274,-0.3684442811113896],"center":[-0.39583687212242025,-0.864185346592981,1.737601181902261]}},{"frame":73,"transform":{"rotation":[0.7344352623962074,-0.4304997370707839,0.5246663908913931,0.3856953125374969,0.9008509460194807,0.19926539825672052,-0.5584299161359614,0.056013832557617035,0.8276584315565151],"center":[-0.5299302677550388,-0.16411435599011598,0.4926790510657407]}},{"frame":147,"transform":{"rotation":[-0.8873588098662318,0.18040283642546664,-0.4243219993854088,-0.2848163086812331,0.5092440398938219,0.8121269470605044,0.36259345397011944,0.8415018267610981,-0.4005005152253284],"center":[0.40501704170556546,-0.821722474053188,1.794464670308098]}},{"frame":32,"transform":{"rotation":[-0.8634815761114958,-0.33234788780957697,0.3794001175336138,0.19134450994876634,0.4801334384698247,0.8560719360986028,-0.4666763827626952,0.8117984742112149,-0.35099343446832476],"center":[-0.43022796574857114,-0.8561898922308021,1.718631985368455]}},{"frame":140,"transform":{"rotation":[-0.7000831918338951,0.31638507286331463,-0.6401437418119003,-0.3990984388702644,0.5700166575376423,0.718193181686468,0.592118198169068,0.758275342998102,-0.2727902923458373],"center":[0.6353552458889912,-0.7278202654715801,1.6658281195561329]}},{"frame":8,"transform":{"rotation":[-0.8329433101523878,0.230003279300952,-0.5032930891470611,-0.327642207389764,0.5279634533992026,0.7835210117230752,0.4459327595155419,0.8175286437707224,-0.3644048443767691],"center":[0.48378602925548286,-0.7970115434726741,1.7592135213028226]}},{"frame":83,"transform":{"rotation":[0.9580983121276568,-0.2139537905280185,0.1904505180271976,0.20179631646982937,0.9760455324792936,0.08132259948145315,-0.20328765569346213,-0.03948283229335446,0.9783226640514627],"center":[-0.17551313349978778,-0.050776651350925836,0.35116058269298883]}},{"frame":103,"transform":{"rotation":[0.8004469383016678,0.25070159063052666,-0.5444569876664361,-0.23770347313446621,0.9666192747645477,0.09562550137631662,0.550256083858505,0.052876177140406544,0.8333200778018721],"center":[0.5791459971171363,-0.08102126138520312,0.5272699299363474]}},{"frame":56,"transform":{"rotation":[0.04559163015038631,-0.6049727055007583,0.7949398900919007,0.4989222899207568,0.7032008787297561,0.5065422714580956,-0.865446677664464,0.37351914241815176,0.3338944419524676],"center":[-0.8363616992667174,-0.47795795286541215,0.9919355031899973]}},{"frame":89,"transform":{"rotation":[0.9968575941350319,-0.0697727651010856,-0.03750597639663229,0.07155420994270159,0.996258691153794,0.048462514792416686,0.0339842912945348,-0.05099393641089253,0.9981205770820127],"center":[0.06258016304634216,-0.02145262520088726,0.3389606406116363]}},{"frame":120,"transform":{"rotation":[0.14289739740644866,0.46269080784066197,-0.8749271684855942,-0.48009906601661745,0.8054365271151952,0.3475296931178472,0.8654970945210823,0.37039062775449527,0.33723220819962596],"center":[0.8985845589383341,-0.3479920204864265,1.0447773907323148]}},{"frame":116,"transform":{"rotation":[0.32336660390608774,0.4395749597436976,-0.8379784569095856,-0.4455511934098993,0.851978334286281,0.27498554863444846,0.834816251356703,0.2844411585426778,0.47135448846663314],"center":[0.8660637325921317,-0.2721279621669408,0.9083723423023683]}},{"frame":115,"transform":{"rotation":[0.36712555562078475,0.4307380896342926,-0.8244292113628252,-0.4343769332526417,0.8631317824024363,0.2575270977291965,0.8225177847731683,0.26356825367443854,0.5039804255988982],"center":[0.8537858567092,-0.2541358242128785,0.8748617988430564]}},{"frame":54,"transform":{"rotation":[-0.04681172754733776,-0.6052786822939715,0.7946360040449383,0.4924318381586663,0.6781445842774411,0.5455555036683746,-0.8690912189935593,0.41684246373858097,0.2663133746033776],"center":[-0.840069385171847,-0.5179867972063604,1.0614059299078331]}},{"frame":53,"transform":{"rotation":[-0.09244732397196151,-0.6034702869766774,0.792008273332236,0.4875608907073873,0.6660985399128548,0.5644440742700572,-0.8681807819475402,0.4383336033915826,0.23264948311721723],"center":[-0.8389710246342539,-0.5377556096690593,1.0961577084419722]}},{"frame":4,"transform":{"rotation":[-0.7129145640362002,0.309131296289035,-0.6294367847844099,-0.3934683849810817,0.5666455512388632,0.7239443689135129,0.5804614150875612,0.7637739593072456,-0.2823364742265515],"center":[0.6124513145035578,-0.7402524492518161,1.6816553667956553]}},{"frame":144,"transform":{"rotation":[-0.8170019616940283,0.24276967717901624,-0.5230398440181263,-0.3381462672578398,0.5330192585332691,0.77559497933666,0.467081252597125,0.8105265904799427,-0.353386119700902],"center":[0.5098449475306072,-0.7855822701898961,1.747607191369465]}},{"frame":146,"transform":{"rotation":[-0.8656525560090979,0.20199197657901086,-0.4580883033571365,-0.3030996142251911,0.5168045578327904,0.8006520298230652,0.3984674091208162,0.8319328641188292,-0.3861494962674246],"center":[0.44089570442877185,-0.8104241500319982,1.7803844516102736]}},{"frame":97,"transform":{"rotation":[0.9326057697581647,0.11908085384653452,-0.34068494017341194,-0.10695655949266977,0.992783996904912,0.05422388653535111,0.344683583298178,-0.014131020369666292,0.9386125620659677],"center":[0.37433098808596127,-0.034030063120018265,0.41185817686726434]}},{"frame":145,"transform":{"rotation":[-0.8422167819483048,0.2225969087036595,-0.49104124922476344,-0.3210226531533535,0.5246786687074052,0.7884521233187252,0.43314587423525497,0.8216829746556753,-0.3704345296998881],"center":[0.47580389085457186,-0.7983527385348264,1.7647131198609183]}},{"frame":122,"transform":{"rotation":[0.05084143772899389,0.46738546022798944,-0.882590493817557,-0.49083537170824054,0.7813317967799936,0.38548834122523057,0.8697676621314925,0.4136078516034445,0.26913334799370525],"center":[0.9039814935569274,-0.38738245504936075,1.1143635137705943]}},{"frame":5,"transform":{"rotation":[-0.745687375702925,0.2905398093639865,-0.5996140065842555,-0.37833632276366536,0.5561410141429302,0.7399789181224975,0.5484632755207524,0.7786486958589302,-0.30478557026577735],"center":[0.5818862475782585,-0.7557190005487673,1.7031275301405404]}},{"frame":88,"transform":{"rotation":[0.9955745648877169,-0.09396707791259752,0.0012140911007328587,0.09377991723200606,0.9942576202325328,0.05154717968520244,-0.006050857178214278,-0.05120520362334554,0.9986698224384777],"center":[0.02225838863026895,-0.023768358544529355,0.3370312927186443]}},{"frame":55,"transform":{"rotation":[-0.0005166831839714782,-0.6057393693319648,0.7956629622395407,0.49566996348033093,0.6908869326939518,0.5262951011895801,-0.8685108061169388,0.3946581592645164,0.29988984141522523],"center":[-0.8392165143612536,-0.49783499010051147,1.026538311600883]}},{"frame":76,"transform":{"rotation":[0.8204156478265541,-0.3715164783898469,0.43461899531214904,0.337124819815777,0.9282589739788917,0.1571054839648668,-0.46180625879855214,0.01762905307898184,0.8868056133234741],"center":[-0.4329244129991603,-0.12207626165124227,0.4351439413488497]}},{"frame":77,"transform":{"rotation":[0.8458194115114726,-0.350258527637978,0.4023785368620723,0.3192925804006625,0.9366300916105598,0.14413993059066188,-0.42736608570577134,0.006560130065036071,0.904054861986847],"center":[-0.39839674252959806,-0.10919939391583176,0.41869874831439285]}},{"frame":141,"transform":{"rotation":[-0.7317185549948908,0.298976014236497,-0.6125367737429704,-0.38504313913431154,0.5602293559100481,0.7334063333393077,0.5624319845828331,0.7725001046523363,-0.29481155172473333],"center":[0.6056702606196878,-0.7431397885403697,1.688194592246528]}},{"frame":127,"transform":{"rotation":[-0.17806066646475635,0.45947730162098105,-0.8701580364239756,-0.4985384009792299,0.7202763175610931,0.4823499653878953,0.8483830867050566,0.5196947523842561,0.10081419809266645],"center":[0.8850638183590944,-0.4881033553416034,1.2869937100284923]}},{"frame":119,"transform":{"rotation":[0.18885266973968448,0.45865853644958293,-0.8683127409373422,-0.4729090047442232,0.8174161724117059,0.32891925196258137,0.8606344998685688,0.3485156352614936,0.37127497843815926],"center":[0.8933644254410135,-0.3284643765710545,1.0103984483653956]}},{"frame":128,"transform":{"rotation":[-0.22320209117955062,0.45415401367644487,-0.8625108453547997,-0.4967025262797283,0.7083531862413479,0.5015200533668284,0.8387296506505607,0.540351640511349,0.06747353345040197],"center":[0.8759138924899807,-0.5084284709182265,1.3201559090665655]}},{"frame":74,"transform":{"rotation":[0.7646196552829034,-0.4114373412606082,0.496060577925172,0.37025993905385185,0.9104389235607622,0.18441405585626758,-0.5275076874197112,0.04266474753145137,0.8484782607887993],"center":[-0.4986509331590149,-0.14915453797527478,0.47240326872466354]}},{"frame":75,"transform":{"rotation":[0.79320447852896,-0.3920416935763997,0.4659720654066603,0.35427784134273826,0.9194635749842643,0.17051083663710537,-0.49529169826994895,0.029833618200017037,0.8682143104383648],"center":[-0.4665245650159781,-0.1351936157481947,0.453242445200879]}},{"frame":16,"transform":{"rotation":[-0.9755626270118215,0.04765941354608358,-0.2144904218799456,-0.1666458405834849,0.4757331457094848,0.8636591560850743,0.14320169200822103,0.8782975318044576,-0.45616523435283907],"center":[0.18536638905266423,-0.8733312279749778,1.8452291724097154]}},{"frame":35,"transform":{"rotation":[-0.7889239295285987,-0.39220845280095423,0.4730449904275874,0.25186792011235154,0.4957868754631757,0.831118478278963,-0.5605011902176772,0.7748341136462323,-0.2923534027416551],"center":[-0.5269766056804552,-0.8280825268689714,1.6535557782822603]}},{"frame":100,"transform":{"rotation":[0.8749836053640275,0.18810455365742004,-0.4461169882861562,-0.17466781253452598,0.9820287323411316,0.07148932872026341,0.4515471687526912,0.0153702878897235,0.8921148517100338],"center":[0.48086693569907624,-0.05414589122041187,0.4638222182329256]}},{"frame":61,"transform":{"rotation":[0.27121578736612617,-0.5861976192204718,0.763422784506477,0.49909280370344156,0.7638413747175233,0.409209882042311,-0.8230117678227998,0.270034637574321,0.4997328531678651],"center":[-0.7965277102487007,-0.37779689218355716,0.8235158596938813]}},{"frame":20,"transform":{"rotation":[-0.9968495083422463,-0.05025759334021992,-0.06136148653244066,-0.07770427293245304,0.463628266881319,0.8826159278625462,-0.015909232723819867,0.8846033034418724,-0.46607283964404733],"center":[0.026082570716954846,-0.891018475373068,1.8513436534765568]}},{"frame":58,"transform":{"rotation":[0.1367290004453129,-0.6005124447794367,0.7878388059128909,0.5030838700869783,0.7272067608268348,0.4669870947532181,-0.8533532680522962,0.3324983167968928,0.4015383782799587],"center":[-0.8258559288683693,-0.43783543133026304,0.9234768529608599]}},{"frame":109,"transform":{"rotation":[0.6069595355327984,0.35809880151414486,-0.7094824667177777,-0.350264374300189,0.9218855960779602,0.16565571478243926,0.7133827796645407,0.14796011657915406,0.6849765058598553],"center":[0.7433899372338816,-0.1558078908008748,0.6853308117251321]}},{"frame":27,"transform":{"rotation":[-0.9536286693040427,-0.22057833421167278,0.20478661957707198,0.0821291151937571,0.4638684501477409,0.8820889237458002,-0.2895637572606271,0.858004230428928,-0.42424234942680084],"center":[-0.2494502401954301,-0.8866623772993146,1.8001555921877022]}},{"frame":106,"transform":{"rotation":[0.7106912654301019,0.3077238552649278,-0.6326325585537391,-0.2967072569227272,0.9464771193788764,0.12706638493974284,0.6378735994934663,0.09740170118203226,0.7639569226573544],"center":[0.6666137749448128,-0.11505208475189119,0.6012545821716025]}},{"frame":26,"transform":{"rotation":[-0.9659835663252552,-0.19673010274386243,0.1678481941038708,0.059556376008801884,0.4623705322769336,0.8846844233729015,-0.2516521163555744,0.8645870445226059,-0.43492580376131496],"center":[-0.21141942289039212,-0.8899287124997196,1.8120556080093475]}},{"frame":133,"transform":{"rotation":[-0.43985042039388206,0.41356170286225097,-0.7971814884986984,-0.4729600428585274,0.6479177980337685,0.597085693054467,0.7634398506356511,0.6396633840675487,-0.08938875513545558],"center":[0.8035271979643293,-0.6060750101215049,1.4793243403636889]}},{"frame":59,"transform":{"rotation":[0.18179540842475816,-0.5967749550013552,0.7815433977450043,0.5032194506622267,0.7392914104377333,0.44745770183135053,-0.8448198707126165,0.31194208362469716,0.4347085489302003],"center":[-0.8178126734372844,-0.41769969029547066,0.8896316088850815]}},{"frame":131,"transform":{"rotation":[-0.3558323189747613,0.4325806060861842,-0.828406530642506,-0.48532637510834387,0.6719871224997107,0.5593671574366463,0.7986499047750765,0.6010884514218089,-0.029171958626270922],"center":[0.8376954722945305,-0.5677853315728557,1.4175122112217022]}},{"frame":132,"transform":{"rotation":[-0.39832700569907104,0.42368714638633675,-0.8135261510964569,-0.4794852043945983,0.6599120475931496,0.5784548627231745,0.781939598241119,0.6204879462394246,-0.059709071958105486],"center":[0.8215212808133836,-0.5869595201314978,1.448725849139187]}},{"frame":96,"transform":{"rotation":[0.947952939957066,0.09585520230826729,-0.3036395952724154,-0.08445539331452022,0.995147324389043,0.05048850662694029,0.3070057168308838,-0.02221672684645625,0.951448320657189],"center":[0.33680863475735956,-0.02931816541942545,0.3971200204197811]}},{"frame":110,"transform":{"rotation":[0.5695249752091263,0.37244449876516045,-0.7327526171584873,-0.36646833418339547,0.9130048246792608,0.17922932280528017,0.7357596500582859,0.16645505535116842,0.6564681651795068],"center":[0.7657833466688184,-0.17044187894723145,0.7155607237372015]}},{"frame":22,"transform":{"rotation":[-0.9949460227178037,-0.09917686804155366,0.01569588237378826,-0.03195326326980434,0.46091365068994683,0.8868695482279658,-0.09519139060038002,0.8818857950172085,-0.4617532281451121],"center":[-0.05387452891490194,-0.8942669461096966,1.844389938284889]}},{"frame":71,"transform":{"rotation":[0.6698515446603471,-0.46541569480556993,0.5785215113933065,0.41383155479127703,0.8809383853139225,0.22954521458643656,-0.6164757516522296,0.08564923997997616,0.7827016387587745],"center":[-0.5890367484977856,-0.19526143941773474,0.5376338038390968]}},{"frame":23,"transform":{"rotation":[-0.9908619232156077,-0.12356208497086846,0.054083826409740146,-0.008954841720944184,0.4603566237724047,0.8876889037036709,-0.13458253947381088,0.8790928222358115,-0.45725632850979303],"center":[-0.09364840640302605,-0.8945623739351501,1.8386975139281145]}},{"frame":70,"transform":{"rotation":[0.6350439541787039,-0.48190986633805755,0.6037234938174195,0.4266042452459391,0.8703416600628266,0.245996367243961,-0.6439937842861675,0.10133249964901996,0.7582900040984732],"center":[-0.6167776597875059,-0.21163642094136123,0.5620644922661964]}},{"frame":111,"transform":{"rotation":[0.5310788343799371,0.3860252088139374,-0.7542809886466737,-0.3815106988378073,0.9037932705273583,0.19392604472259367,0.7565744235340865,0.18477624931147807,0.6272582238157163],"center":[0.7867992292713848,-0.1861964527387587,0.7460895456666785]}},{"frame":129,"transform":{"rotation":[-0.2680264212631558,0.4483059864224573,-0.8527505966240381,-0.4938420667120767,0.6960721848515292,0.5211559523036876,0.827213304202979,0.5608076818427207,0.03482661820768129],"center":[0.8648937328240769,-0.528654664000944,1.3528912013563161]}},{"frame":62,"transform":{"rotation":[0.31555481357415804,-0.5787588808702573,0.7519729499416754,0.49513880763534707,0.7764516395751985,0.3898210006842022,-0.8094829959941252,0.2493210966099606,0.5315790345579683],"center":[-0.7827966842276287,-0.3575957057018463,0.791263828497088]}},{"frame":10,"transform":{"rotation":[-0.8811194212310499,0.186663909242136,-0.4344941317393171,-0.29022584815146363,0.5119572218608086,0.8084978417097514,0.37335977634745693,0.8384845782547262,-0.39692075964198525],"center":[0.4131421065158887,-0.8210700317996031,1.7899575939741275]}},{"frame":42,"transform":{"rotation":[-0.5596976347998893,-0.5098501113486419,0.653292753332828,0.37236966134482075,0.5495367678944005,0.7478971694304769,-0.7403238432668188,0.6618626781213407,-0.11772171592655867],"center":[-0.7099467224434836,-0.7357159800054943,1.4626544112804882]}},{"frame":43,"transform":{"rotation":[-0.5211164704054714,-0.5236619618926961,0.6739553204321752,0.38686444437619877,0.558942996930142,0.733429361193187,-0.7607716647915054,0.6429314705701097,-0.08868820778952374],"center":[-0.7302265941484193,-0.7199096042216877,1.431955562680529]}},{"frame":40,"transform":{"rotation":[-0.6326567175815794,-0.4798227413506004,0.6078779602697377,0.341155606897309,0.53199014345282,0.7749834444370908,-0.6952397640968406,0.6976794565929568,-0.17287291941401978],"center":[-0.6649017844794949,-0.7653743616063258,1.5218553668842738]}},{"frame":38,"transform":{"rotation":[-0.6996665157471936,-0.44706685704128996,0.5573131902955508,0.3071142259462168,0.5161067652435974,0.7995715471996525,-0.6450950464572163,0.7305922475670084,-0.223802030445099],"center":[-0.6137981776622722,-0.7928252690587355,1.5777191645280146]}},{"frame":15,"transform":{"rotation":[-0.9649831932793013,0.07175669231410153,-0.2523061905634145,-0.18825524818677702,0.4803635171316569,0.8566276045861698,0.1826674525431875,0.8741292058483365,-0.45003414677592934],"center":[0.22442734240811452,-0.8664374560200423,1.839481355831063]}},{"frame":6,"transform":{"rotation":[-0.7765246827855083,0.2711848267192389,-0.5687426542665163,-0.3623794703683189,0.54620599547635,0.7552086665030179,0.5154517790059924,0.7925388320220949,-0.3258706234943731],"center":[0.5503590979219507,-0.7702679683332259,1.7229379865471621]}},{"frame":24,"transform":{"rotation":[-0.9847023744847283,-0.14782776096044928,0.09223983290074994,0.014027277110261915,0.46039769927890783,0.8876019344253143,-0.17367921343963394,0.875317606122548,-0.45128108671966494],"center":[-0.13306179782447802,-0.8940449176372953,1.8315170909410958]}},{"frame":30,"transform":{"rotation":[-0.9050984326163599,-0.2891924911710355,0.31171225565527433,0.1483999726114781,0.47214902215341414,0.8689377129624926,-0.3984648985849583,0.8327322522455013,-0.38442518214317545],"center":[-0.36032391281708287,-0.8711195823174619,1.7554523964907052]}},{"frame":33,"transform":{"rotation":[-0.8399445302272708,-0.353222955175226,0.41197904082437203,0.21214073561120034,0.4850351635971162,0.8483732659440993,-0.49948923355326497,0.7999840210976711,-0.3324696550856526],"center":[-0.46386973323864933,-0.8475514402825628,1.6979836856351682]}},{"frame":34,"transform":{"rotation":[-0.8155589874286902,-0.3727372866276617,0.4426403203298792,0.23198230784563578,0.490172603274063,0.8401874956497153,-0.5301393655171274,0.7879071862579856,-0.3132962160194749],"center":[-0.49564111780196163,-0.8383123936063785,1.6765158797767745]}},{"frame":139,"transform":{"rotation":[-0.6668193837936627,0.33293954626127426,-0.6667107078278981,-0.41243260240354157,0.5802693571433694,0.7022726120496681,0.6206861186394314,0.7432622227018928,-0.2496197316570946],"center":[0.6636807056490679,-0.7118814635867825,1.642316756342019]}},{"frame":7,"transform":{"rotation":[-0.8056448511924342,0.2509681350371449,-0.5366110033749754,-0.34546001683132144,0.5368230074137156,0.7697262081300056,0.4812418835866466,0.8055036026656064,-0.3457892357704407],"center":[0.5175693203395281,-0.7839267056999432,1.7417946472589745]}},{"frame":136,"transform":{"rotation":[-0.5589950796775194,0.37733088665668746,-0.7383399642923317,-0.44696833503777456,0.6128791434211884,0.6516122029496296,0.6983865751644166,0.6942625998382654,-0.17394146744215055],"center":[0.7403541104700194,-0.6608167057721559,1.5651628290225363]}},{"frame":143,"transform":{"rotation":[-0.7901507716641146,0.26231130563569904,-0.5539445251776562,-0.3544335346670604,0.5417954264218827,0.7621250457843147,0.5000386260500462,0.7985302090992081,-0.33512815103174626],"center":[0.5429184536153264,-0.7720134199932672,1.7291955073173015]}},{"frame":142,"transform":{"rotation":[-0.7617403368458453,0.28099264850131295,-0.5837763190728069,-0.370152988600369,0.5507624699591502,0.7480958940635295,0.5317315340020687,0.785941367515869,-0.31552772077123864],"center":[0.5749132068266072,-0.7578885550266257,1.7093131584148695]}},{"frame":12,"transform":{"rotation":[-0.9209590907026376,0.14143127949657225,-0.3630861418894055,-0.25076495959656014,0.49808634713472744,0.8300764578257354,0.2982470256192115,0.8555157415138233,-0.423251140259949],"center":[0.33959009860702954,-0.8418878966992719,1.8146228174858483]}},{"frame":13,"transform":{"rotation":[-0.9377039442299091,0.11852302727510833,-0.3265939451080125,-0.2303422186506719,0.4916529411318794,0.8397736884324601,0.2601033934472167,0.8626874738176721,-0.4337240450278561],"center":[0.30174620735200175,-0.8507970130355824,1.8243793706828002]}},{"frame":52,"transform":{"rotation":[-0.1381045944652928,-0.6004245526284093,0.7876658413239408,0.48201607926433954,0.6540002579282682,0.5830473067945625,-0.8652095817304677,0.4601891124643576,0.1990938483506107],"center":[-0.8360623646399544,-0.5575839108468115,1.1310228763412018]}},{"frame":51,"transform":{"rotation":[-0.18337849622994837,-0.5963832004249184,0.7814725877286898,0.4752486922393909,0.6420974226749201,0.601539342286915,-0.8605294926062627,0.48170320535071914,0.1656834762722327],"center":[-0.8313665887590886,-0.5769682870802437,1.1657421784018736]}},{"frame":36,"transform":{"rotation":[-0.7606688891301744,-0.41118515867758404,0.5023042966098903,0.27090620447394315,0.5021109755605859,0.8212760781851126,-0.5899090349257152,0.760796512547795,-0.2705475873263785],"center":[-0.5571207537307867,-0.816977559775921,1.6294757080534674]}},{"frame":37,"transform":{"rotation":[-0.730838891155,-0.4295322414117376,0.5304494026418907,0.28931230085023885,0.5089438009590859,0.8107247375293659,-0.6182013488759717,0.7459747053708504,-0.2476869621009593],"center":[-0.586147860251847,-0.8052225173264014,1.6041291004925715]}},{"frame":126,"transform":{"rotation":[-0.13243046858336627,0.4632865585646126,-0.8762578020446653,-0.4992543364909601,0.73253403305673,0.4627515509521421,0.8562752352402593,0.4987579122851081,0.13428799815039005],"center":[0.8925780088380936,-0.46783616060555727,1.2531810676194597]}},{"frame":69,"transform":{"rotation":[0.5991631725951623,-0.4974222015185642,0.6273552789625068,0.43846113262678854,0.8594929272857237,0.26272370110336696,-0